00000000000000
00000000000000
00000000000011
01101111111000
00001010000000
00001000000000
00001111111000
00001000001010
00001000001000
00001111111000
00000000000000
10010000000000
00000000000000
00000000000000

00000000000000
00000001000000
00000000000000
00001111111000
00001000000000
00001000000000
00001111111000
01001000001010
00001100001000
00001111111000
00000000000001
00000011000001
00000000000000
00000000000000

00000000000000
00000000000000
00000000000000
00001111101001
00001000000000
00001000000000
00001111111000
00101000001000
00001000001100
00001111111000
00001000000001
00000000000000
00000000001000
10000000000000

00000000000000
00000000000000
00000010000000
00001111110000
00001000001000
00001000001000
00001111110000
01001000001000
00001010001000
00001111110000
00000000000000
01000000000010
00000100000000
00000000000000

00000000000000
00000000000000
00000001000000
00001111110000
00001000001000
01001000001000
00001111111000
00001001001000
00000000001000
00001111110000
00000000000000
00000000000000
00100000000100
00000100000000

00000000000000
00000000000000
00000100000000
00001110110000
00001000001100
00001000001000
00011111110100
00001000001000
00001000001000
00001111110000
00000000010000
00101000000000
00000000000000
00000000000000

00000000000000
00000000000100
01000000000000
00011111111000
00001000000100
00001000000000
00001000000000
00001000000000
00001001000000
10001000000000
00000000000000
00000000000000
00000000000000
00000000000000

00000000000000
00000000000000
00000000000000
10001111111000
00001000000000
00001000100000
00001100000100
01001000000000
00001000000000
00001000000100
00000000000000
00000000001000
00000000000000
00000000100000

00000010000000
00000000001000
00000000000000
00001111111000
10001000000000
00001000000000
00001100100000
00001000001000
00001010001000
00001000000000
00000000000000
00000000000000
00000000000000
00000000000000

00000000000000
10000010000000
00000000000000
00000001000000
00000000111000
00000010100000
00000000010000
00000100010010
00001111111000
00001001001000
00000000000000
00000000000000
00000000000000
00000000000000

00000000000000
00000000000000
01000000000000
00000001000000
00000010101000
00000010111000
00000100010000
00000100010000
00001111111010
00001000000000
00000000000000
00001000000000
00001000000000
00000000000000

00000000000000
01000000000000
00000000000000
00100000000000
00000010100000
00000010100000
00001100010000
01000100010000
00001111111000
10001000001000
00000000000100
00000000000000
00000010000000
00000000000000

00000000000000
00000000000000
00000000000000
00000001001000
00000111010000
00000100010000
00000111110000
00000101010000
00000101011000
00011101001000
00000001000000
00000000000000
00000000000000
00000000000100

00000000000000
00000000000000
00000000000000
10001001001000
00000001010000
00000101010000
00000111110000
00000101010000
00000001000000
00010001001000
00000000001000
00000000001000
00000000000000
00000000000000

01000000000000
00000000000000
00000000000000
00001011001000
00001101010000
00100101010000
00000011110000
00000101010000
00000101000000
00001001001000
00000100000000
00000000000000
00000000000000
00000000000010

00000000000100
00100000000000
00000000000000
00001111110000
00000000001000
01001000001000
00000101110000
00000000001000
00000000001000
00001111100000
00000100000000
00001000000000
00000000000000
00000000000000

00000000000000
00000000000000
00000000000000
00001111010000
00000000001000
00000000001000
01000111110010
10000000101001
00000000001000
00001111110000
00000000000000
00000000001000
00100000000000
00000000000000

00000001000000
00000000000000
00000000000000
00001111110000
00000000001000
00000000001000
00000111110000
00000000001000
00000100001000
00001111100001
00000000000000
00000000000100
01010000000000
00000000010000

00000000000000
00000000000000
00000000000000
00001001001010
00001000000000
00001000100000
00001011000000
00001000100000
01001000010000
00001000001000
00000000001000
10000000001000
00000000000000
00000000000000

00000000000000
00000000000000
00000000000000
00001000001001
00001000011000
00001000100000
00011111001000
00001000100000
00000000010000
00001000001000
00100100000000
00000010000000
00000000000000
00000000000000

00000000000000
01000000000000
00000000000000
00001000001000
00001000010000
00001000100000
00011111000000
00001000100000
00001000000000
00001000001000
00000000000001
01000000100000
00000000000000
00000000000000

00000000000000
00000000000000
00000000000000
00101001000000
00000010000000
00001010100000
00001100010000
01000100010100
00000100010000
00001000001000
00000000000000
00000000100000
00000000000000
00000000000000

00000000000000
00000000000000
00100000000100
00000000000100
00000010100010
01000010100000
00000100010000
00000110010000
00000100010000
00001000001000
00000000000000
00000000000000
00000000000010
00000000000000

00001000000000
00000000000000
00000000000010
00000001000000
00000010000000
00000110100000
00000100010100
00000100110000
00000100010000
00001000001000
00000000000000
10000000000000
00000000000000
00000000000100

00100000000000
00000000000000
00000000000000
00001000001000
00001100011001
00001011101000
00001001001000
00001000101000
00001000001000
00001000001001
00000000110000
00000000000001
00000000000000
00000000000000

11000001000000
00000010000000
00000000000000
00001000001001
00001100011000
00001010101000
00001001001000
00001000001000
00001001001000
00001000001000
00000000000001
00000000000000
10000000000000
00000000000000

00000000000000
00000000000000
00001000000000
00001000001000
00001110011000
00011010101000
00001001011000
00001000001000
00001001001000
00001000001000
00000000100000
00000010000010
00000000000000
00000000000000

00000000000000
00000100000000
00000001000000
00001000001000
00011000001000
00001000001000
00001111111100
00011000001010
00001000001000
00001000001000
00010000000001
00000000000000
00000000000000
00000000000000

10000000000000
00000000000000
00000000000000
00001000001000
00001000001000
00001000001000
00001111111000
10001000001000
10001000001000
00000000001000
00000000001000
00000000000000
00000000000000
00000001000000

00000000000000
00000000100000
00000000000000
00001000001000
00001000001000
00001000001000
00000111111000
00000000001100
00101000001000
00001000001000
10000000000000
00000000000000
00000000010000
00010000000000

11111110000000
10000000000000
10000000000000
11111110000000
10000010000000
10000010000000
11111110000000
00000000000000
00000000000000
00000000000000
00000000000000
00000000000000
00000000000000
00000000000000

01111111000000
01000000000000
01000000000000
01111111000000
01000001000000
01000001000000
01111111000000
00000000000000
00000000000000
00000000000000
00000000000000
00000000000000
00000000000000
00000000000000

00111111100000
00100000000000
00100000000000
00111111100000
00100000100000
00100000100000
00111111100000
00000000000000
00000000000000
00000000000000
00000000000000
00000000000000
00000000000000
00000000000000

00011111110000
00010000000000
00010000000000
00011111110000
00010000010000
00010000010000
00011111110000
00000000000000
00000000000000
00000000000000
00000000000000
00000000000000
00000000000000
00000000000000

00001111111000
00001000000000
00001000000000
00001111111000
00001000001000
00001000001000
00001111111000
00000000000000
00000000000000
00000000000000
00000000000000
00000000000000
00000000000000
00000000000000

00000111111100
00000100000000
00000100000000
00000111111100
00000100000100
00000100000100
00000111111100
00000000000000
00000000000000
00000000000000
00000000000000
00000000000000
00000000000000
00000000000000

00000011111110
00000010000000
00000010000000
00000011111110
00000010000010
00000010000010
00000011111110
00000000000000
00000000000000
00000000000000
00000000000000
00000000000000
00000000000000
00000000000000

00000001111111
00000001000000
00000001000000
00000001111111
00000001000001
00000001000001
00000001111111
00000000000000
00000000000000
00000000000000
00000000000000
00000000000000
00000000000000
00000000000000

00000000000000
11111110000000
10000000000000
10000000000000
11111110000000
10000010000000
10000010000000
11111110000000
00000000000000
00000000000000
00000000000000
00000000000000
00000000000000
00000000000000

00000000000000
01111111000000
01000000000000
01000000000000
01111111000000
01000001000000
01000001000000
01111111000000
00000000000000
00000000000000
00000000000000
00000000000000
00000000000000
00000000000000

00000000000000
00111111100000
00100000000000
00100000000000
00111111100000
00100000100000
00100000100000
00111111100000
00000000000000
00000000000000
00000000000000
00000000000000
00000000000000
00000000000000

00000000000000
00011111110000
00010000000000
00010000000000
00011111110000
00010000010000
00010000010000
00011111110000
00000000000000
00000000000000
00000000000000
00000000000000
00000000000000
00000000000000

00000000000000
00001111111000
00001000000000
00001000000000
00001111111000
00001000001000
00001000001000
00001111111000
00000000000000
00000000000000
00000000000000
00000000000000
00000000000000
00000000000000

00000000000000
00000111111100
00000100000000
00000100000000
00000111111100
00000100000100
00000100000100
00000111111100
00000000000000
00000000000000
00000000000000
00000000000000
00000000000000
00000000000000

00000000000000
00000011111110
00000010000000
00000010000000
00000011111110
00000010000010
00000010000010
00000011111110
00000000000000
00000000000000
00000000000000
00000000000000
00000000000000
00000000000000

00000000000000
00000001111111
00000001000000
00000001000000
00000001111111
00000001000001
00000001000001
00000001111111
00000000000000
00000000000000
00000000000000
00000000000000
00000000000000
00000000000000

11111100000000
10000010000000
10000010000000
11111100000000
10000010000000
10000010000000
11111100000000
00000000000000
00000000000000
00000000000000
00000000000000
00000000000000
00000000000000
00000000000000

01111110000000
01000001000000
01000001000000
01111110000000
01000001000000
01000001000000
01111110000000
00000000000000
00000000000000
00000000000000
00000000000000
00000000000000
00000000000000
00000000000000

00111111000000
00100000100000
00100000100000
00111111000000
00100000100000
00100000100000
00111111000000
00000000000000
00000000000000
00000000000000
00000000000000
00000000000000
00000000000000
00000000000000

00011111100000
00010000010000
00010000010000
00011111100000
00010000010000
00010000010000
00011111100000
00000000000000
00000000000000
00000000000000
00000000000000
00000000000000
00000000000000
00000000000000

00001111110000
00001000001000
00001000001000
00001111110000
00001000001000
00001000001000
00001111110000
00000000000000
00000000000000
00000000000000
00000000000000
00000000000000
00000000000000
00000000000000

00000111111000
00000100000100
00000100000100
00000111111000
00000100000100
00000100000100
00000111111000
00000000000000
00000000000000
00000000000000
00000000000000
00000000000000
00000000000000
00000000000000

00000011111100
00000010000010
00000010000010
00000011111100
00000010000010
00000010000010
00000011111100
00000000000000
00000000000000
00000000000000
00000000000000
00000000000000
00000000000000
00000000000000

00000001111110
00000001000001
00000001000001
00000001111110
00000001000001
00000001000001
00000001111110
00000000000000
00000000000000
00000000000000
00000000000000
00000000000000
00000000000000
00000000000000

00000000000000
11111100000000
10000010000000
10000010000000
11111100000000
10000010000000
10000010000000
11111100000000
00000000000000
00000000000000
00000000000000
00000000000000
00000000000000
00000000000000

00000000000000
01111110000000
01000001000000
01000001000000
01111110000000
01000001000000
01000001000000
01111110000000
00000000000000
00000000000000
00000000000000
00000000000000
00000000000000
00000000000000

00000000000000
00111111000000
00100000100000
00100000100000
00111111000000
00100000100000
00100000100000
00111111000000
00000000000000
00000000000000
00000000000000
00000000000000
00000000000000
00000000000000

00000000000000
00011111100000
00010000010000
00010000010000
00011111100000
00010000010000
00010000010000
00011111100000
00000000000000
00000000000000
00000000000000
00000000000000
00000000000000
00000000000000

00000000000000
00001111110000
00001000001000
00001000001000
00001111110000
00001000001000
00001000001000
00001111110000
00000000000000
00000000000000
00000000000000
00000000000000
00000000000000
00000000000000

00000000000000
00000111111000
00000100000100
00000100000100
00000111111000
00000100000100
00000100000100
00000111111000
00000000000000
00000000000000
00000000000000
00000000000000
00000000000000
00000000000000

00000000000000
00000011111100
00000010000010
00000010000010
00000011111100
00000010000010
00000010000010
00000011111100
00000000000000
00000000000000
00000000000000
00000000000000
00000000000000
00000000000000

00000000000000
00000001111110
00000001000001
00000001000001
00000001111110
00000001000001
00000001000001
00000001111110
00000000000000
00000000000000
00000000000000
00000000000000
00000000000000
00000000000000

11111110000000
10000000000000
10000000000000
10000000000000
10000000000000
10000000000000
10000000000000
00000000000000
00000000000000
00000000000000
00000000000000
00000000000000
00000000000000
00000000000000

01111111000000
01000000000000
01000000000000
01000000000000
01000000000000
01000000000000
01000000000000
00000000000000
00000000000000
00000000000000
00000000000000
00000000000000
00000000000000
00000000000000

00111111100000
00100000000000
00100000000000
00100000000000
00100000000000
00100000000000
00100000000000
00000000000000
00000000000000
00000000000000
00000000000000
00000000000000
00000000000000
00000000000000

00011111110000
00010000000000
00010000000000
00010000000000
00010000000000
00010000000000
00010000000000
00000000000000
00000000000000
00000000000000
00000000000000
00000000000000
00000000000000
00000000000000

00001111111000
00001000000000
00001000000000
00001000000000
00001000000000
00001000000000
00001000000000
00000000000000
00000000000000
00000000000000
00000000000000
00000000000000
00000000000000
00000000000000

00000111111100
00000100000000
00000100000000
00000100000000
00000100000000
00000100000000
00000100000000
00000000000000
00000000000000
00000000000000
00000000000000
00000000000000
00000000000000
00000000000000

00000011111110
00000010000000
00000010000000
00000010000000
00000010000000
00000010000000
00000010000000
00000000000000
00000000000000
00000000000000
00000000000000
00000000000000
00000000000000
00000000000000

00000001111111
00000001000000
00000001000000
00000001000000
00000001000000
00000001000000
00000001000000
00000000000000
00000000000000
00000000000000
00000000000000
00000000000000
00000000000000
00000000000000

00000000000000
11111110000000
10000000000000
10000000000000
10000000000000
10000000000000
10000000000000
10000000000000
00000000000000
00000000000000
00000000000000
00000000000000
00000000000000
00000000000000

00000000000000
01111111000000
01000000000000
01000000000000
01000000000000
01000000000000
01000000000000
01000000000000
00000000000000
00000000000000
00000000000000
00000000000000
00000000000000
00000000000000

00000000000000
00111111100000
00100000000000
00100000000000
00100000000000
00100000000000
00100000000000
00100000000000
00000000000000
00000000000000
00000000000000
00000000000000
00000000000000
00000000000000

00000000000000
00011111110000
00010000000000
00010000000000
00010000000000
00010000000000
00010000000000
00010000000000
00000000000000
00000000000000
00000000000000
00000000000000
00000000000000
00000000000000

00000000000000
00001111111000
00001000000000
00001000000000
00001000000000
00001000000000
00001000000000
00001000000000
00000000000000
00000000000000
00000000000000
00000000000000
00000000000000
00000000000000

00000000000000
00000111111100
00000100000000
00000100000000
00000100000000
00000100000000
00000100000000
00000100000000
00000000000000
00000000000000
00000000000000
00000000000000
00000000000000
00000000000000

00000000000000
00000011111110
00000010000000
00000010000000
00000010000000
00000010000000
00000010000000
00000010000000
00000000000000
00000000000000
00000000000000
00000000000000
00000000000000
00000000000000

00000000000000
00000001111111
00000001000000
00000001000000
00000001000000
00000001000000
00000001000000
00000001000000
00000000000000
00000000000000
00000000000000
00000000000000
00000000000000
00000000000000

00010000000000
00101000000000
00101000000000
01000100000000
01000100000000
11111110000000
10000010000000
00000000000000
00000000000000
00000000000000
00000000000000
00000000000000
00000000000000
00000000000000

00001000000000
00010100000000
00010100000000
00100010000000
00100010000000
01111111000000
01000001000000
00000000000000
00000000000000
00000000000000
00000000000000
00000000000000
00000000000000
00000000000000

00000100000000
00001010000000
00001010000000
00010001000000
00010001000000
00111111100000
00100000100000
00000000000000
00000000000000
00000000000000
00000000000000
00000000000000
00000000000000
00000000000000

00000010000000
00000101000000
00000101000000
00001000100000
00001000100000
00011111110000
00010000010000
00000000000000
00000000000000
00000000000000
00000000000000
00000000000000
00000000000000
00000000000000

00000001000000
00000010100000
00000010100000
00000100010000
00000100010000
00001111111000
00001000001000
00000000000000
00000000000000
00000000000000
00000000000000
00000000000000
00000000000000
00000000000000

00000000100000
00000001010000
00000001010000
00000010001000
00000010001000
00000111111100
00000100000100
00000000000000
00000000000000
00000000000000
00000000000000
00000000000000
00000000000000
00000000000000

00000000010000
00000000101000
00000000101000
00000001000100
00000001000100
00000011111110
00000010000010
00000000000000
00000000000000
00000000000000
00000000000000
00000000000000
00000000000000
00000000000000

00000000001000
00000000010100
00000000010100
00000000100010
00000000100010
00000001111111
00000001000001
00000000000000
00000000000000
00000000000000
00000000000000
00000000000000
00000000000000
00000000000000

00000000000000
00010000000000
00101000000000
00101000000000
01000100000000
01000100000000
11111110000000
10000010000000
00000000000000
00000000000000
00000000000000
00000000000000
00000000000000
00000000000000

00000000000000
00001000000000
00010100000000
00010100000000
00100010000000
00100010000000
01111111000000
01000001000000
00000000000000
00000000000000
00000000000000
00000000000000
00000000000000
00000000000000

00000000000000
00000100000000
00001010000000
00001010000000
00010001000000
00010001000000
00111111100000
00100000100000
00000000000000
00000000000000
00000000000000
00000000000000
00000000000000
00000000000000

00000000000000
00000010000000
00000101000000
00000101000000
00001000100000
00001000100000
00011111110000
00010000010000
00000000000000
00000000000000
00000000000000
00000000000000
00000000000000
00000000000000

00000000000000
00000001000000
00000010100000
00000010100000
00000100010000
00000100010000
00001111111000
00001000001000
00000000000000
00000000000000
00000000000000
00000000000000
00000000000000
00000000000000

00000000000000
00000000100000
00000001010000
00000001010000
00000010001000
00000010001000
00000111111100
00000100000100
00000000000000
00000000000000
00000000000000
00000000000000
00000000000000
00000000000000

00000000000000
00000000010000
00000000101000
00000000101000
00000001000100
00000001000100
00000011111110
00000010000010
00000000000000
00000000000000
00000000000000
00000000000000
00000000000000
00000000000000

00000000000000
00000000001000
00000000010100
00000000010100
00000000100010
00000000100010
00000001111111
00000001000001
00000000000000
00000000000000
00000000000000
00000000000000
00000000000000
00000000000000

10010010000000
01010100000000
01010100000000
01111100000000
01010100000000
01010100000000
10010010000000
00000000000000
00000000000000
00000000000000
00000000000000
00000000000000
00000000000000
00000000000000

01001001000000
00101010000000
00101010000000
00111110000000
00101010000000
00101010000000
01001001000000
00000000000000
00000000000000
00000000000000
00000000000000
00000000000000
00000000000000
00000000000000

00100100100000
00010101000000
00010101000000
00011111000000
00010101000000
00010101000000
00100100100000
00000000000000
00000000000000
00000000000000
00000000000000
00000000000000
00000000000000
00000000000000

00010010010000
00001010100000
00001010100000
00001111100000
00001010100000
00001010100000
00010010010000
00000000000000
00000000000000
00000000000000
00000000000000
00000000000000
00000000000000
00000000000000

00001001001000
00000101010000
00000101010000
00000111110000
00000101010000
00000101010000
00001001001000
00000000000000
00000000000000
00000000000000
00000000000000
00000000000000
00000000000000
00000000000000

00000100100100
00000010101000
00000010101000
00000011111000
00000010101000
00000010101000
00000100100100
00000000000000
00000000000000
00000000000000
00000000000000
00000000000000
00000000000000
00000000000000

00000010010010
00000001010100
00000001010100
00000001111100
00000001010100
00000001010100
00000010010010
00000000000000
00000000000000
00000000000000
00000000000000
00000000000000
00000000000000
00000000000000

00000001001001
00000000101010
00000000101010
00000000111110
00000000101010
00000000101010
00000001001001
00000000000000
00000000000000
00000000000000
00000000000000
00000000000000
00000000000000
00000000000000

00000000000000
10010010000000
01010100000000
01010100000000
01111100000000
01010100000000
01010100000000
10010010000000
00000000000000
00000000000000
00000000000000
00000000000000
00000000000000
00000000000000

00000000000000
01001001000000
00101010000000
00101010000000
00111110000000
00101010000000
00101010000000
01001001000000
00000000000000
00000000000000
00000000000000
00000000000000
00000000000000
00000000000000

00000000000000
00100100100000
00010101000000
00010101000000
00011111000000
00010101000000
00010101000000
00100100100000
00000000000000
00000000000000
00000000000000
00000000000000
00000000000000
00000000000000

00000000000000
00010010010000
00001010100000
00001010100000
00001111100000
00001010100000
00001010100000
00010010010000
00000000000000
00000000000000
00000000000000
00000000000000
00000000000000
00000000000000

00000000000000
00001001001000
00000101010000
00000101010000
00000111110000
00000101010000
00000101010000
00001001001000
00000000000000
00000000000000
00000000000000
00000000000000
00000000000000
00000000000000

00000000000000
00000100100100
00000010101000
00000010101000
00000011111000
00000010101000
00000010101000
00000100100100
00000000000000
00000000000000
00000000000000
00000000000000
00000000000000
00000000000000

00000000000000
00000010010010
00000001010100
00000001010100
00000001111100
00000001010100
00000001010100
00000010010010
00000000000000
00000000000000
00000000000000
00000000000000
00000000000000
00000000000000

00000000000000
00000001001001
00000000101010
00000000101010
00000000111110
00000000101010
00000000101010
00000001001001
00000000000000
00000000000000
00000000000000
00000000000000
00000000000000
00000000000000

11111100000000
00000010000000
00000010000000
01111100000000
00000010000000
00000010000000
11111100000000
00000000000000
00000000000000
00000000000000
00000000000000
00000000000000
00000000000000
00000000000000

01111110000000
00000001000000
00000001000000
00111110000000
00000001000000
00000001000000
01111110000000
00000000000000
00000000000000
00000000000000
00000000000000
00000000000000
00000000000000
00000000000000

00111111000000
00000000100000
00000000100000
00011111000000
00000000100000
00000000100000
00111111000000
00000000000000
00000000000000
00000000000000
00000000000000
00000000000000
00000000000000
00000000000000

00011111100000
00000000010000
00000000010000
00001111100000
00000000010000
00000000010000
00011111100000
00000000000000
00000000000000
00000000000000
00000000000000
00000000000000
00000000000000
00000000000000

00001111110000
00000000001000
00000000001000
00000111110000
00000000001000
00000000001000
00001111110000
00000000000000
00000000000000
00000000000000
00000000000000
00000000000000
00000000000000
00000000000000

00000111111000
00000000000100
00000000000100
00000011111000
00000000000100
00000000000100
00000111111000
00000000000000
00000000000000
00000000000000
00000000000000
00000000000000
00000000000000
00000000000000

00000011111100
00000000000010
00000000000010
00000001111100
00000000000010
00000000000010
00000011111100
00000000000000
00000000000000
00000000000000
00000000000000
00000000000000
00000000000000
00000000000000

00000001111110
00000000000001
00000000000001
00000000111110
00000000000001
00000000000001
00000001111110
00000000000000
00000000000000
00000000000000
00000000000000
00000000000000
00000000000000
00000000000000

00000000000000
11111100000000
00000010000000
00000010000000
01111100000000
00000010000000
00000010000000
11111100000000
00000000000000
00000000000000
00000000000000
00000000000000
00000000000000
00000000000000

00000000000000
01111110000000
00000001000000
00000001000000
00111110000000
00000001000000
00000001000000
01111110000000
00000000000000
00000000000000
00000000000000
00000000000000
00000000000000
00000000000000

00000000000000
00111111000000
00000000100000
00000000100000
00011111000000
00000000100000
00000000100000
00111111000000
00000000000000
00000000000000
00000000000000
00000000000000
00000000000000
00000000000000

00000000000000
00011111100000
00000000010000
00000000010000
00001111100000
00000000010000
00000000010000
00011111100000
00000000000000
00000000000000
00000000000000
00000000000000
00000000000000
00000000000000

00000000000000
00001111110000
00000000001000
00000000001000
00000111110000
00000000001000
00000000001000
00001111110000
00000000000000
00000000000000
00000000000000
00000000000000
00000000000000
00000000000000

00000000000000
00000111111000
00000000000100
00000000000100
00000011111000
00000000000100
00000000000100
00000111111000
00000000000000
00000000000000
00000000000000
00000000000000
00000000000000
00000000000000

00000000000000
00000011111100
00000000000010
00000000000010
00000001111100
00000000000010
00000000000010
00000011111100
00000000000000
00000000000000
00000000000000
00000000000000
00000000000000
00000000000000

00000000000000
00000001111110
00000000000001
00000000000001
00000000111110
00000000000001
00000000000001
00000001111110
00000000000000
00000000000000
00000000000000
00000000000000
00000000000000
00000000000000

10000010000000
10000100000000
10001000000000
11110000000000
10001000000000
10000100000000
10000010000000
00000000000000
00000000000000
00000000000000
00000000000000
00000000000000
00000000000000
00000000000000

01000001000000
01000010000000
01000100000000
01111000000000
01000100000000
01000010000000
01000001000000
00000000000000
00000000000000
00000000000000
00000000000000
00000000000000
00000000000000
00000000000000

00100000100000
00100001000000
00100010000000
00111100000000
00100010000000
00100001000000
00100000100000
00000000000000
00000000000000
00000000000000
00000000000000
00000000000000
00000000000000
00000000000000

00010000010000
00010000100000
00010001000000
00011110000000
00010001000000
00010000100000
00010000010000
00000000000000
00000000000000
00000000000000
00000000000000
00000000000000
00000000000000
00000000000000

00001000001000
00001000010000
00001000100000
00001111000000
00001000100000
00001000010000
00001000001000
00000000000000
00000000000000
00000000000000
00000000000000
00000000000000
00000000000000
00000000000000

00000100000100
00000100001000
00000100010000
00000111100000
00000100010000
00000100001000
00000100000100
00000000000000
00000000000000
00000000000000
00000000000000
00000000000000
00000000000000
00000000000000

00000010000010
00000010000100
00000010001000
00000011110000
00000010001000
00000010000100
00000010000010
00000000000000
00000000000000
00000000000000
00000000000000
00000000000000
00000000000000
00000000000000

00000001000001
00000001000010
00000001000100
00000001111000
00000001000100
00000001000010
00000001000001
00000000000000
00000000000000
00000000000000
00000000000000
00000000000000
00000000000000
00000000000000

00000000000000
10000010000000
10000100000000
10001000000000
11110000000000
10001000000000
10000100000000
10000010000000
00000000000000
00000000000000
00000000000000
00000000000000
00000000000000
00000000000000

00000000000000
01000001000000
01000010000000
01000100000000
01111000000000
01000100000000
01000010000000
01000001000000
00000000000000
00000000000000
00000000000000
00000000000000
00000000000000
00000000000000

00000000000000
00100000100000
00100001000000
00100010000000
00111100000000
00100010000000
00100001000000
00100000100000
00000000000000
00000000000000
00000000000000
00000000000000
00000000000000
00000000000000

00000000000000
00010000010000
00010000100000
00010001000000
00011110000000
00010001000000
00010000100000
00010000010000
00000000000000
00000000000000
00000000000000
00000000000000
00000000000000
00000000000000

00000000000000
00001000001000
00001000010000
00001000100000
00001111000000
00001000100000
00001000010000
00001000001000
00000000000000
00000000000000
00000000000000
00000000000000
00000000000000
00000000000000

00000000000000
00000100000100
00000100001000
00000100010000
00000111100000
00000100010000
00000100001000
00000100000100
00000000000000
00000000000000
00000000000000
00000000000000
00000000000000
00000000000000

00000000000000
00000010000010
00000010000100
00000010001000
00000011110000
00000010001000
00000010000100
00000010000010
00000000000000
00000000000000
00000000000000
00000000000000
00000000000000
00000000000000

00000000000000
00000001000001
00000001000010
00000001000100
00000001111000
00000001000100
00000001000010
00000001000001
00000000000000
00000000000000
00000000000000
00000000000000
00000000000000
00000000000000

00010000000000
00101000000000
00101000000000
01000100000000
01000100000000
01000100000000
10000010000000
00000000000000
00000000000000
00000000000000
00000000000000
00000000000000
00000000000000
00000000000000

00001000000000
00010100000000
00010100000000
00100010000000
00100010000000
00100010000000
01000001000000
00000000000000
00000000000000
00000000000000
00000000000000
00000000000000
00000000000000
00000000000000

00000100000000
00001010000000
00001010000000
00010001000000
00010001000000
00010001000000
00100000100000
00000000000000
00000000000000
00000000000000
00000000000000
00000000000000
00000000000000
00000000000000

00000010000000
00000101000000
00000101000000
00001000100000
00001000100000
00001000100000
00010000010000
00000000000000
00000000000000
00000000000000
00000000000000
00000000000000
00000000000000
00000000000000

00000001000000
00000010100000
00000010100000
00000100010000
00000100010000
00000100010000
00001000001000
00000000000000
00000000000000
00000000000000
00000000000000
00000000000000
00000000000000
00000000000000

00000000100000
00000001010000
00000001010000
00000010001000
00000010001000
00000010001000
00000100000100
00000000000000
00000000000000
00000000000000
00000000000000
00000000000000
00000000000000
00000000000000

00000000010000
00000000101000
00000000101000
00000001000100
00000001000100
00000001000100
00000010000010
00000000000000
00000000000000
00000000000000
00000000000000
00000000000000
00000000000000
00000000000000

00000000001000
00000000010100
00000000010100
00000000100010
00000000100010
00000000100010
00000001000001
00000000000000
00000000000000
00000000000000
00000000000000
00000000000000
00000000000000
00000000000000

00000000000000
00010000000000
00101000000000
00101000000000
01000100000000
01000100000000
01000100000000
10000010000000
00000000000000
00000000000000
00000000000000
00000000000000
00000000000000
00000000000000

00000000000000
00001000000000
00010100000000
00010100000000
00100010000000
00100010000000
00100010000000
01000001000000
00000000000000
00000000000000
00000000000000
00000000000000
00000000000000
00000000000000

00000000000000
00000100000000
00001010000000
00001010000000
00010001000000
00010001000000
00010001000000
00100000100000
00000000000000
00000000000000
00000000000000
00000000000000
00000000000000
00000000000000

00000000000000
00000010000000
00000101000000
00000101000000
00001000100000
00001000100000
00001000100000
00010000010000
00000000000000
00000000000000
00000000000000
00000000000000
00000000000000
00000000000000

00000000000000
00000001000000
00000010100000
00000010100000
00000100010000
00000100010000
00000100010000
00001000001000
00000000000000
00000000000000
00000000000000
00000000000000
00000000000000
00000000000000

00000000000000
00000000100000
00000001010000
00000001010000
00000010001000
00000010001000
00000010001000
00000100000100
00000000000000
00000000000000
00000000000000
00000000000000
00000000000000
00000000000000

00000000000000
00000000010000
00000000101000
00000000101000
00000001000100
00000001000100
00000001000100
00000010000010
00000000000000
00000000000000
00000000000000
00000000000000
00000000000000
00000000000000

00000000000000
00000000001000
00000000010100
00000000010100
00000000100010
00000000100010
00000000100010
00000001000001
00000000000000
00000000000000
00000000000000
00000000000000
00000000000000
00000000000000

10000010000000
11000110000000
10101010000000
10010010000000
10000010000000
10000010000000
10000010000000
00000000000000
00000000000000
00000000000000
00000000000000
00000000000000
00000000000000
00000000000000

01000001000000
01100011000000
01010101000000
01001001000000
01000001000000
01000001000000
01000001000000
00000000000000
00000000000000
00000000000000
00000000000000
00000000000000
00000000000000
00000000000000

00100000100000
00110001100000
00101010100000
00100100100000
00100000100000
00100000100000
00100000100000
00000000000000
00000000000000
00000000000000
00000000000000
00000000000000
00000000000000
00000000000000

00010000010000
00011000110000
00010101010000
00010010010000
00010000010000
00010000010000
00010000010000
00000000000000
00000000000000
00000000000000
00000000000000
00000000000000
00000000000000
00000000000000

00001000001000
00001100011000
00001010101000
00001001001000
00001000001000
00001000001000
00001000001000
00000000000000
00000000000000
00000000000000
00000000000000
00000000000000
00000000000000
00000000000000

00000100000100
00000110001100
00000101010100
00000100100100
00000100000100
00000100000100
00000100000100
00000000000000
00000000000000
00000000000000
00000000000000
00000000000000
00000000000000
00000000000000

00000010000010
00000011000110
00000010101010
00000010010010
00000010000010
00000010000010
00000010000010
00000000000000
00000000000000
00000000000000
00000000000000
00000000000000
00000000000000
00000000000000

00000001000001
00000001100011
00000001010101
00000001001001
00000001000001
00000001000001
00000001000001
00000000000000
00000000000000
00000000000000
00000000000000
00000000000000
00000000000000
00000000000000

00000000000000
10000010000000
11000110000000
10101010000000
10010010000000
10000010000000
10000010000000
10000010000000
00000000000000
00000000000000
00000000000000
00000000000000
00000000000000
00000000000000

00000000000000
01000001000000
01100011000000
01010101000000
01001001000000
01000001000000
01000001000000
01000001000000
00000000000000
00000000000000
00000000000000
00000000000000
00000000000000
00000000000000

00000000000000
00100000100000
00110001100000
00101010100000
00100100100000
00100000100000
00100000100000
00100000100000
00000000000000
00000000000000
00000000000000
00000000000000
00000000000000
00000000000000

00000000000000
00010000010000
00011000110000
00010101010000
00010010010000
00010000010000
00010000010000
00010000010000
00000000000000
00000000000000
00000000000000
00000000000000
00000000000000
00000000000000

00000000000000
00001000001000
00001100011000
00001010101000
00001001001000
00001000001000
00001000001000
00001000001000
00000000000000
00000000000000
00000000000000
00000000000000
00000000000000
00000000000000

00000000000000
00000100000100
00000110001100
00000101010100
00000100100100
00000100000100
00000100000100
00000100000100
00000000000000
00000000000000
00000000000000
00000000000000
00000000000000
00000000000000

00000000000000
00000010000010
00000011000110
00000010101010
00000010010010
00000010000010
00000010000010
00000010000010
00000000000000
00000000000000
00000000000000
00000000000000
00000000000000
00000000000000

00000000000000
00000001000001
00000001100011
00000001010101
00000001001001
00000001000001
00000001000001
00000001000001
00000000000000
00000000000000
00000000000000
00000000000000
00000000000000
00000000000000

10000010000000
10000010000000
10000010000000
11111110000000
10000010000000
10000010000000
10000010000000
00000000000000
00000000000000
00000000000000
00000000000000
00000000000000
00000000000000
00000000000000

01000001000000
01000001000000
01000001000000
01111111000000
01000001000000
01000001000000
01000001000000
00000000000000
00000000000000
00000000000000
00000000000000
00000000000000
00000000000000
00000000000000

00100000100000
00100000100000
00100000100000
00111111100000
00100000100000
00100000100000
00100000100000
00000000000000
00000000000000
00000000000000
00000000000000
00000000000000
00000000000000
00000000000000

00010000010000
00010000010000
00010000010000
00011111110000
00010000010000
00010000010000
00010000010000
00000000000000
00000000000000
00000000000000
00000000000000
00000000000000
00000000000000
00000000000000

00001000001000
00001000001000
00001000001000
00001111111000
00001000001000
00001000001000
00001000001000
00000000000000
00000000000000
00000000000000
00000000000000
00000000000000
00000000000000
00000000000000

00000100000100
00000100000100
00000100000100
00000111111100
00000100000100
00000100000100
00000100000100
00000000000000
00000000000000
00000000000000
00000000000000
00000000000000
00000000000000
00000000000000

00000010000010
00000010000010
00000010000010
00000011111110
00000010000010
00000010000010
00000010000010
00000000000000
00000000000000
00000000000000
00000000000000
00000000000000
00000000000000
00000000000000

00000001000001
00000001000001
00000001000001
00000001111111
00000001000001
00000001000001
00000001000001
00000000000000
00000000000000
00000000000000
00000000000000
00000000000000
00000000000000
00000000000000

00000000000000
10000010000000
10000010000000
10000010000000
11111110000000
10000010000000
10000010000000
10000010000000
00000000000000
00000000000000
00000000000000
00000000000000
00000000000000
00000000000000

00000000000000
01000001000000
01000001000000
01000001000000
01111111000000
01000001000000
01000001000000
01000001000000
00000000000000
00000000000000
00000000000000
00000000000000
00000000000000
00000000000000

00000000000000
00100000100000
00100000100000
00100000100000
00111111100000
00100000100000
00100000100000
00100000100000
00000000000000
00000000000000
00000000000000
00000000000000
00000000000000
00000000000000

00000000000000
00010000010000
00010000010000
00010000010000
00011111110000
00010000010000
00010000010000
00010000010000
00000000000000
00000000000000
00000000000000
00000000000000
00000000000000
00000000000000

00000000000000
00001000001000
00001000001000
00001000001000
00001111111000
00001000001000
00001000001000
00001000001000
00000000000000
00000000000000
00000000000000
00000000000000
00000000000000
00000000000000

00000000000000
00000100000100
00000100000100
00000100000100
00000111111100
00000100000100
00000100000100
00000100000100
00000000000000
00000000000000
00000000000000
00000000000000
00000000000000
00000000000000

00000000000000
00000010000010
00000010000010
00000010000010
00000011111110
00000010000010
00000010000010
00000010000010
00000000000000
00000000000000
00000000000000
00000000000000
00000000000000
00000000000000

00000000000000
00000001000001
00000001000001
00000001000001
00000001111111
00000001000001
00000001000001
00000001000001
00000000000000
00000000000000
00000000000000
00000000000000
00000000000000
00000000000000

11111110000000
10000100000000
10000000000000
11111110000000
10000110000000
11000010000000
11111110000000
00000000000000
00010010000000
00000000000000
00000000000010
00000000000000
00000000000000
00000000000000

01111111000000
01000000000000
01000000000000
01111111000000
01000000000000
01000001000000
01011111000000
00000000100000
00000000000000
00001000000000
10011000000000
00000000001000
00000000000000
00000000000000

00111111100001
00100000000000
00100000000000
00011111100000
00110000100000
00100001100000
00111111100000
10000000000000
00000000000000
00100000000000
00000000001000
00000000000000
00000000000000
10000000000000

00011111110000
01010000000100
01000000000000
00011111010000
10010000010000
00010000010000
00011111110000
00000000000000
00000000000001
00001000000000
00000000000000
00000000000000
00000000000000
00000000000000

00000000000000
11101110000000
10010000000000
10000000001000
11110110000000
10000010000000
11000010000000
11111110000000
00000000000000
00100000000000
00000000000000
00001000000000
00000001000000
00000000000000

01000000000000
01111111000100
01000000000000
01000000000000
01111111000000
01010001000000
01000001000000
01110111000000
00000000000000
00000000000000
00000000000000
01000000010000
00000000000000
00110000000000

01000000000000
00111111100000
00101000000011
00100000000000
00111111101000
00101000100000
00100000110000
00111111100000
00000000000000
00000000000000
00000000000000
00000010000000
00000000000000
00000000000000

00000000000000
00111111110000
00010000000000
00000000000100
00011111110000
00010010010000
00010000010000
00011111110000
00000000000000
00000000000100
00000000000000
00000000000100
00000000000010
00000000000010

11111100000000
10000010000000
00000010000000
11111100000000
10000110000000
10000010000000
10111100000000
00001010000000
00000000000000
00000000000000
00000000000000
00010000000001
00000000000000
00000001000000

01111110000100
01000001000001
00000001000000
01111110000000
01000001000100
01000101000000
01111110000000
00000000000000
00000000000010
00000000000000
00000000000000
00001000000000
00000000000001
00000000000000

00111111010001
00100000100000
00101000100000
00111111000000
00100000100100
10100000100000
00111111000000
00000000000000
00000000000000
00000000000000
00000000000000
00000001000000
00000000000000
00000001000100

00011111100000
10010000010000
00010100010000
00011111100000
00110010010000
00010000010010
00011111100000
00000000010000
00000000000000
00000000000100
00000000000000
00000000000000
00000000000000
00100000000000

01000000000000
11111101000000
10000010000000
10000010010000
11111000000000
10000010000000
10000011000000
11110100000001
00000000000000
00000000000000
00000000000010
00000000000000
00000000000000
00000000000000

01000000000000
01111110000000
11000001000000
01000001000000
01111110000010
01000001000000
01000001000001
01111110000000
00000000100000
00100000000000
00000000000000
10000000000000
01000000000000
00000000000000

00000100000000
00111111000000
10100010100000
00100000100000
00111111000010
00110000100000
00100100100000
00111111000000
00000000000000
10000000000000
00000000001000
00000000000000
00000000000000
00000000000000

01000000000000
00011111100000
10010000010000
00010100010000
00011111101000
00010000110000
00011000010000
01011111100000
00000000000000
00000000000000
00000000000000
00000000000000
00000001000000
00000000000000

11111010000000
10000000000000
10001000000001
10000000000010
10000000000001
10000000000100
10100000000000
00000000000010
00000000000000
00000000000000
00000000000000
00000000000000
00000000000000
00000000000000

01111111000010
01000000000000
01000000000000
01000000000000
01000000000000
01000000000000
01000000000000
00001001000000
00000000001000
00000000000001
00000000000000
00000000100001
00000000000000
00000000100000

00011111101000
00110000000000
00100000000000
00100000000000
00100000000000
00100000000000
00100000000001
00000000000000
00000000000000
00001000000000
00000000100000
00000000000000
00000000000000
00000000000000

00011111110000
00010000000000
00010000000100
10010000000000
00010000000010
10010000000000
00010000000000
00000000000000
00000000000000
00000000000000
01000000000000
00000000000001
00000000000000
00000000000000

00000000000000
11111110000000
10000000000000
10000000001000
10000000000001
10000000000000
10000000000000
10000000000000
00000000100000
10000001000000
10000000000000
00000000100000
00000000000000
00000000000001

00000000010000
01111111000000
01000000000000
01000000000000
01000000000000
01000001000000
01000000000000
11000000000000
00000000000000
00000000000000
00000001000000
00000010000000
00010000000000
00000000000000

00000000000000
00111111100000
00100001000000
00100100000000
00100100000001
00100000000000
00100000000000
00100000000000
00000000000001
00000000000000
00000000000001
00000000000000
00000000000010
00000010000000

00000000000000
00011111110000
00010000000000
00010000000000
00011000100000
00010000000000
00010000000100
00010000000000
00000000001000
00100000000000
00100000000000
00000000000000
00100000000000
00010000000000

00010010000000
00101000000000
00101000000100
01000100000000
01000000000001
11111110000000
10000010000000
00000000000000
00000000000000
00100000000000
00000000000000
00001000100000
00000001000000
00000000000000

00001010000000
00010100000000
00010000000000
00100010000000
00100010000000
01111111001000
11000001000000
00000000000001
00000000000000
00000000000000
10000000000000
00000100000000
00100000000000
00000000000000

00000100000000
00001010000000
00001010001000
00010001000000
00010001100000
00111111100000
00100000100000
00000000000000
00001010000000
00000000100000
00000001000000
00000000000100
00000000000000
00000100000000

00001010000000
00000101000000
00000101001000
00101000100100
00001000100000
00011111110000
00010000010000
00000000000000
00000000001100
00000000010000
00000000000000
00000000000000
00100000000000
00000000000000

00000000000000
00010000001000
00101000000000
00101000000101
11000100000000
01000100000000
11111110100000
10000010000000
00000000000000
00000000000000
00000001000000
00000000100000
00000000000000
00000000100000

00000000000001
00001000100010
00010100000000
01010100000000
00100010000000
00100010000000
01101111000000
01000001001000
00000000000000
01000000000000
00000000000000
00000000000000
10000000000000
00000000000000

00000000000000
00000100000000
00001000000000
10001010000000
00010001000000
00010000000000
00111111100000
00100000100000
00000000000000
00000000000000
00000001000000
01000000000110
00000000010000
00000000000000

00000000000000
00000010000000
00000101000000
10000101000000
00001000101000
00001000100000
00011111110010
00110000010000
00000000000100
00000000000001
01000000000000
00000000000000
00000000100000
00000000000000

10000010000001
01010100000000
11010100000000
01111100000000
01010100000000
01010100001000
10011010000000
00000000000000
00000000000000
10010000000000
00000000000000
00000000000000
00000000000000
00010000000000

01011001000000
00101010000000
00101010000000
00111110000000
00101010000100
00101010000000
01001001000000
00000000000000
00000000000000
00001000000011
00000000000000
00100000000000
00000000000001
00000000000001

00101101100000
00010101000000
10010101000010
10011111000000
00010101000000
00010001000000
00100100100000
00000000000100
00000000000000
00000000000000
00000000000000
00000000000000
00000000000000
00000000000010

00010010010000
00001010101000
00001010100000
00001111100000
00001010100000
01011010100000
00010010010000
00000000000100
00000000000000
00100001100000
00100000000000
00000000000000
00000000000000
00000000000000

00000000010010
10010000000000
01010100000000
01010100000000
01111100000000
01010100000000
01010100000000
10010010000000
00000000000000
00000000000000
00000001010000
00000000000001
10000000000000
00001000000000

00000100000000
01001001000000
00101010000000
00101010000000
01111110000000
00101010000000
10101010000000
01001001000000
00100000000000
00000000000000
11000000000010
00000000000000
00000000000000
00000100000000

01000000000000
00000100100000
00010101000000
00010101000000
00011111000000
00110101000000
00011101000100
00100100100000
00000000000000
00000000000000
00010010000000
00000000000000
00000000000000
00000000001000

00000001000000
00010010010000
01001010100000
00001010100000
00101111100000
00001010100000
00000010100000
10010010010000
00000000000000
00000000000000
00000100000000
00000000000000
00001000010000
00000000000000

11111100000000
00000011000000
00000010000000
01111100000000
00000010000000
00000010000000
11011100000000
00000000000000
00001000000000
00000001000000
00010000000001
00110000000000
00000000000000
00000000000000

01111110000000
00000001000000
00000001000000
00111110000000
01000001000000
00000011000000
01111110000000
00000000000000
00000001010000
00010000000000
00000000000000
00000000000000
00000100000000
00000000000000

00111111000000
00000000100000
00000000100000
00011111000000
10000001100000
00000000100000
00111110000001
00000000100000
10000000000000
00000000000010
00000000100000
00000000000000
00000000000000
00000000000000

00011111100000
00000000000000
00000000010000
00001111100000
00010100010000
00000000010000
00011111110000
00000000000000
00001000000000
00000100000000
00000000000000
00000000000000
00000000000000
00001010000000

00100000000000
11111100000000
00000010000000
00000010000000
01111100000100
00000010000000
00000010000000
11111100000000
10000000000000
01000000000000
00000000000000
00000000000001
00000000000000
00000000100000

00000100000000
01111110000000
00000011001000
01000001000000
00111110000000
00000001000000
01000001000100
01111110000000
00000000000000
00000000000000
00000000000000
00000000000000
00000000000000
01010000000000

00000000000000
00111111000000
00010000100000
00000000100000
00111111000000
00000000100000
00000000100000
00111111000000
01000000000000
00000100100000
00000000001000
00000001000000
00000000000000
10000000000000

00000000000000
00011111100000
01000100010001
00000000010000
00001111100011
00001000010000
00000000010000
00011111100000
00000000000000
00000000000000
00000000000000
00000000000000
00000000000010
00000000100000

10000110000000
10000100000000
10001000000000
11110000000000
10011000000000
10000100000000
10000010000000
00001011000000
00000000000000
00000000000000
00000000000000
00000110000000
00000000010000
00000000000000

01000001001000
01000110000000
01000100000010
01111000000000
01000100000000
01000010000000
01000001001000
00000001000000
00000000000000
00000000000000
00100000000000
00000000000000
00010000000000
00100000000000

00100000100000
00100001100000
00100010000000
00011100000000
00100010000000
00000001101000
00100001100000
00010000000000
00000000000000
00010000000000
00000000000000
00000000000000
00000000000000
00000000000000

00010000010000
00010000100000
10010001100000
00011100000000
00010001000000
00010000100000
10010000010000
00000000000000
00010001000000
00000000000000
00000000000000
00000000000000
00000000000000
00000000000000

00000000000000
10000010000000
10000100000001
10001000000100
11110000000001
10001000100000
10000100010000
10000010100000
00000010000000
00000000000000
00000100000000
00000000000000
00000000000000
00000000000000

00000000000000
01000011000000
01010010000000
01000100000000
01111000000000
01000100000000
11100010100000
01000001000000
00000000000000
00000000010001
00000000000000
00010000000000
00000000000000
00000000000000

00000000000000
00100000100000
11100001000000
00100010000000
00101100000000
00100010000001
00101001000000
00100001100000
00000100000000
00000000000000
00000000000000
00000000000000
00000000100000
00000000000000

00000000000000
00010000010000
00010000100000
00010001000000
00011010000000
01010011000100
00010000100000
00010001010000
00000000000000
00000000000000
01000000000000
00100000000000
00000000000000
00000000000001

01010000000000
00101001000001
00101000000000
01000100000000
01010100000000
01000100001000
10000010000000
00000000000000
00000000000000
00000000000000
00000000000000
00000000000010
00000000000000
00000000000000

00001000000000
00010100000000
00010100000000
00100010000000
00100010000010
00100010010000
01000001000000
00000000000000
01000000001000
00000000000000
00000000100000
00000000000000
00000000000000
00000000000001

00000100000000
11001010000000
00001010000000
00010001000000
00010001000010
00010001110000
00100000100000
00000000000001
00000000000000
00000100000000
00000000000000
00000000000010
00000000000000
00000000000000

00000010000110
00000101110000
00000101000000
00001001100100
00001000100000
00001000100000
00010000010000
00000000000000
00000000000100
00000000000000
00000000000000
00000000000000
00000000000000
00000000100000

00000000000010
00010010000000
00101000000010
00101000000000
01000110001000
01000100000000
01000100000000
10000010000000
00000000000000
00000000000100
00010000000000
00000000000000
00010000000000
00000000000000

00000000000000
00001000000000
00010100000000
00010100000010
00100010000000
00100010000000
00100010000000
01000001010000
00000100000000
10000000000000
00000000000000
00000000100001
00000000000000
00000000000000

00000000000000
00000100000000
10011010000000
00001010000000
00011001000000
00010001000000
00010001000010
01100000100000
00000000000010
00000000000000
00000000000000
00000000000000
00000000010001
00000000000000

00000100000000
00000010000000
00000101000000
00000101000000
00101000110011
00001000100000
00001001100000
00011000010000
00000000000000
00000000000000
00000000000000
00000000000000
00100000000000
00000000000000

10000010000000
11000110000000
00101010001000
10010010000000
10000010000000
10000010000000
10000010001000
01000000000000
00001100010000
00000000000000
00000000000000
00000000000000
00000000000000
00000000000100

01000001000000
01100011000000
01010101000000
01001001010000
01000001000000
01000001000000
01000001000000
00000010000100
00000000000000
00000000000000
00000000001000
00000010000001
10000000000000
00000000000001

00100000100000
00110001100000
10101010000000
00100100100000
00100000100000
00100001100000
00100000100000
01000000000000
00010100000000
00000000000000
00000000000000
00000000000000
00000000000100
00000000000001

00010000010000
00011000110000
00010101010000
00010010010000
00010001000000
00010000010000
00010000000000
00000000000000
00000000000000
00100000000000
00000000010000
00000000000000
00000100000000
00000000000000

00000000000000
10000010000000
11000110000000
10101010000100
10010010000000
10000010000000
10000010000000
10000010000000
00000000000000
00000000000000
00000000000000
00000000100000
00100000000000
00000000100000

00000000000000
01000101000000
01100001000000
01010101000000
01001001001000
01000001000000
01000001000000
01001101000100
00000000000000
00000000000000
10000000000000
00000010000000
00000000000000
00000000000000

00010001000000
00100000100000
10110001100000
00101010100100
00100100100000
00100000100010
00100000110000
00100000100000
00000000000000
00000000000000
00000000010000
00000000000000
00000000001000
00000000000000

00000000000000
00010000010001
00011000110000
00110101011000
00000010010010
10010000010000
00010000010000
00010000010000
01000000000000
01000000000000
00000000000000
00000000000000
00000000000000
00000000000000

10000010010000
10000010000000
10000110000000
11111110000100
10000010000000
10000010000000
10001010000000
00000000000000
00000000000000
01000000000000
00000000000000
00000000000001
00000000000000
00000000000000

01000001000000
01001001000000
01001001000100
01111111000000
01000001000000
11000000000000
01000001000000
00000000010000
00000000000000
00100000000000
00000000000000
00000010000000
00000000000000
00000000000000

00100000100000
00100000100000
00100000100001
10111111100000
00100000000000
00100000100000
00100000100000
00001001000000
00000000000001
00000000000000
00000000000000
00000000000000
00000000000010
00000000001000

00010000010000
00010010010000
00010000110000
00010111110000
00010000010000
00010000010000
00010000010000
00010001000000
00000000000000
00000001000000
00000000000000
00000010000001
00000000000000
00000000000000

00000000000000
10000010000000
10000010000000
00000010000000
11111110001000
10000010000000
10000010000000
00000010000000
00100000000000
00000000000000
00000000000000
00000000000000
00000000000100
00100000000000

00100100000000
01000001000000
01000001000000
00000001010000
01111111000000
11000001000000
01000001000000
01010001000000
00000000010000
00000000000000
00000000000100
00000000000000
00000000000000
00000000000000

00000000000000
00100000100000
00100000100000
00100000101000
00111111100000
00101000100010
00100010100000
00100000100000
01000000000010
00000000000000
00000000000000
00000001000000
00000010000000
00000000000000

00000000001000
00010000010000
00010001010100
00010000010000
00011111110000
00010000010000
01010000110000
00010000010000
00000000000000
00000000000000
00001000000000
00000000100000
00100000000000
00000000000000

11111111111111
11111111111111
11111111111111
11110000000111
11110011111111
11110111111111
11110000000110
11110111111111
11111111110111
11110000000111
11111111111111
11111111111011
11111111111111
11111111110111

10011111111111
11111111111111
11111111111111
11110100000111
11110111111111
11110111111111
11110000000111
11110111110111
11110111110111
11110000000101
11101111010111
11111111111111
11110111111111
11111111111111

11111101111111
11111111111111
11111011111111
11110100001111
00110111110110
11110111110111
11110000001111
11110111010111
11110111110111
11100000001111
11111111111111
11111111111111
11111111111111
11111111111111

11111111111111
11111111111111
11111111111111
11110000001111
11110110010111
10110111110111
11110000001111
01110111100101
11110111110111
11110000001111
11111111111111
01111110111111
11111111111111
11111111111111

11111111111111
10111111111111
11111111111111
11110000000111
11100111111111
11110111101111
11110111111111
11110111111111
11110111111111
11110111111111
11111111111111
11111111111111
11111111101111
11111110110111

11111111111111
11111111111011
10111101111111
11110000000111
11010111111111
11110111111111
11110111111111
11100111111111
11110111111111
11110111111101
11111111101111
11111111111111
11111111110111
11111111111111

11111111111111
11111111111011
11111111111011
11111110111111
11111101011111
11111101011111
11111011101111
11101011101111
11110000000111
11110111110111
11101111111111
11110100111111
11111111111110
11111111111111

11111111111111
11111111111011
11111111111111
11101110111110
10011101011111
11111101011111
11111011101111
11111011101111
11110000000111
11110111110111
11101111111111
11111111111111
11111111111111
11111111111111

11111111111111
11111111111111
01111111111111
11110110110100
11111010101111
11111010101111
01111000001111
10110010101111
11111010101111
11110110110111
11111111111111
11111111111111
11101111111111
11111111011111

11111111111110
11111111101111
11111111111111
11110110110111
11111010101111
11101010011111
11111000001111
11111010101111
11111010101111
11111110110111
11111111011111
11111111111111
11111111111101
11111111111111

11110111111111
11111111111101
11111111111111
11110000001111
11011111100111
11111111110110
11111000001111
11011111110110
11111111110111
11110000001111
10111111111111
11111111111111
11111111111111
11111111111111

11111011111101
11111111111111
11111111111111
11100000001111
11111111110111
11101111110111
11111000001111
11111111110101
11111111110111
11110000001111
11111111111111
10111111110111
11111111111111
11111111111110

11111111111111
11111111011111
01111111111111
11110111110111
11110111101111
11110111011101
11110001111101
11110111011111
11110111111111
11110111110111
11110111111111
11111111111111
11101111111111
11111111111111

11111111111111
11111111110111
11111111111111
11110110110111
11110111101111
11010111011111
10110000111111
11110111011111
11110111101111
11110011110111
11111011111111
11111110111111
11111111111111
10111111111111

11111111111111
11111111111111
11111101111111
11111110011111
11111101011111
11111101011111
11111011001110
11111011101111
11111011001111
11110111110111
11111111111111
11111111111111
11111011110111
11101111111111

11111101111011
11111110100111
11111111111111
11111110111111
11111101011111
11111101011111
11111011101111
11111011101111
11111011101111
11110111110111
11111111111101
11011111111111
11111011111111
11111111111111

11011111111111
11111111111111
11111111111111
11100111010111
11110011100101
11110101000111
11110100110111
11110111110111
11110111110111
11110111110111
11111111111111
11111111110111
01111111111111
11111111111111

11111111111111
11111110111111
11101111111111
11110111110111
11110011101111
11110101010011
11110110110111
01110110110111
11110111110111
11110111110111
10111111111111
11111111111111
11111111111111
11011111111111

11101111110110
11111111111111
10111111111111
11110111110111
11110111110111
11010111110111
11110001000111
11111111110111
11111111110111
11110111110111
11111111111111
11111111111111
11111111111111
11111111111111

11101111111111
11111111111111
11110111111111
11110111110111
11110111110111
11110111110111
11110000000111
11110111010111
11010111110111
11110111110111
11111111111111
10101111110111
11011111111111
11111111111111

